version https://git-lfs.github.com/spec/v1
oid sha256:6e90c5ab83c0a5ffd2c4649044fd52df176e1ee93df6471853bb7667f651fb7a
size 129
