version https://git-lfs.github.com/spec/v1
oid sha256:ed8f1c38c594c6b646e242da1997344b4f98aee65da3165815b7e5832763d335
size 125
