version https://git-lfs.github.com/spec/v1
oid sha256:5243dab70877634340f21d4e5bb8a718ce2d203c18d72190f4dc3c0949c98bca
size 167
