version https://git-lfs.github.com/spec/v1
oid sha256:1dc989e66a9eea07b7ee82ffc1e68e87b4b48f21dabecfb92018dd2138923eaa
size 117
