version https://git-lfs.github.com/spec/v1
oid sha256:72e9bbc120c7c9abcc72c1d20bfa0dc2a574e08626871f154af3e85d401a82e9
size 189
