version https://git-lfs.github.com/spec/v1
oid sha256:f8c35f7b42a78313aab6ffdf95bd51f2bd1d5c70b3bdab9a600929a0fb72f67f
size 139
