version https://git-lfs.github.com/spec/v1
oid sha256:811d4a885c33057c05e471628fc909360ee336efd6b6c93760697de0c22cc4e1
size 113
