version https://git-lfs.github.com/spec/v1
oid sha256:4bfb8bd99354d12e1af233602a3ae958845f43bb3757bd118789ef88b793140c
size 136
