version https://git-lfs.github.com/spec/v1
oid sha256:7dc37a3f66610d66cf64f131cf8f3860d59e7836e0045db944c27bc8c55f1996
size 133
