version https://git-lfs.github.com/spec/v1
oid sha256:83df91711e4eaaa7e0bcc788db9928baab7a507366dbb98ac9b150d1b7dd541d
size 169
